528.205322266 
528.205322266 
528.205322266 
528.205322266 
528.205322266 
528.205322266 
528.205322266 
528.205322266 
528.205322266 
528.205322266 
528.205322266 
528.205322266 
528.205322266 
528.205322266 
528.205322266 
528.205322266 
528.205322266 
528.205322266 
528.205322266 
528.205322266 
528.205322266 
528.205322266 
528.205322266 
528.205322266 
528.205322266 
528.205322266 
528.205322266 
528.205322266 
528.205322266 
528.205322266 
528.205322266 
528.205322266 
528.205322266 
528.205322266 
528.205322266 
528.205322266 
528.205322266 
528.205322266 
528.205322266 
528.205322266 
528.205322266 
528.205322266 
528.205322266 
528.205322266 
528.205322266 
528.205322266 
528.205322266 
528.205322266 
528.205322266 
528.205322266 
528.205322266 
528.205322266 
528.205322266 
528.205322266 
528.205322266 
528.205322266 
528.205322266 
528.205322266 
528.205322266 
528.205322266 
528.205322266 
528.205322266 
528.205322266 
528.205322266 
528.205322266 
528.205322266 
528.205322266 
528.205322266 
528.205322266 
528.205322266 
528.205322266 
528.205322266 
528.205322266 
528.205322266 
528.205322266 
528.205322266 
528.205322266 
528.205322266 
528.205322266 
528.205322266 
528.205322266 
528.205322266 
528.205322266 
528.205322266 
528.205322266 
528.205322266 
528.205322266 
528.205322266 
528.205322266 
528.205322266 
528.205322266 
528.205322266 
528.205322266 
528.205322266 
528.205322266 
528.205322266 
528.205322266 
528.205322266 
528.205322266 
528.205322266 
528.205322266 
528.205322266 
528.205322266 
528.205322266 
528.205322266 
528.205322266 
528.205322266 
528.205322266 
528.205322266 
528.205322266 
528.205322266 
528.205322266 
528.205322266 
528.205322266 
528.205322266 
528.205322266 
528.205322266 
528.205322266 
528.205322266 
528.205322266 
528.205322266 
528.205322266 
528.205322266 
528.205322266 
528.205322266 
528.205322266 
528.205322266 
528.205322266 
528.205322266 
528.205322266 
528.205322266 
528.205322266 
528.205322266 
528.205322266 
528.205322266 
528.205322266 
528.205322266 
528.205322266 
528.205322266 
528.205322266 
528.205322266 
528.205322266 
528.205322266 
528.205322266 
528.205322266 
528.205322266 
528.205322266 
528.205322266 
528.205322266 
528.205322266 
528.205322266 
528.205322266 
528.205322266 
528.205322266 
528.205322266 
528.205322266 
528.205322266 
528.205322266 
528.205322266 
528.205322266 
528.205322266 
528.205322266 
528.205322266 
528.205322266 
528.205322266 
528.205322266 
528.205322266 
528.205322266 
528.205322266 
528.205322266 
528.205322266 
528.205322266 
528.205322266 
528.205322266 
528.205322266 
528.205322266 
528.205322266 
528.205322266 
528.205322266 
528.205322266 
528.205322266 
528.205322266 
528.205322266 
528.205322266 
528.205322266 
528.205322266 
528.205322266 
528.205322266 
528.205322266 
528.205322266 
528.205322266 
528.205322266 
528.205322266 
528.205322266 
528.205322266 
528.205322266 
528.205322266 
528.205322266 
528.205322266 
528.205322266 
528.205322266 
528.205322266 
528.205322266 
528.205322266 
528.205322266 
528.205322266 
528.205322266 
528.205322266 
528.205322266 
528.205322266 
528.205322266 
528.205322266 
528.205322266 
528.205322266 
528.205322266 
528.205322266 
528.205322266 
528.205322266 
528.205322266 
528.205322266 
528.205322266 
528.205322266 
528.205322266 
528.205322266 
528.205322266 
528.205322266 
528.205322266 
528.205322266 
528.205322266 
528.205322266 
528.205322266 
528.205322266 
528.205322266 
528.205322266 
528.205322266 
528.205322266 
528.205322266 
528.205322266 
528.205322266 
528.205322266 
528.205322266 
528.205322266 
528.206848145 
528.271179199 
528.521240234 
528.850708008 
529.15625 
529.394836426 
529.588562012 
529.749328613 
529.890625 
530.01965332 
530.145996094 
530.262634277 
530.378051758 
530.498291016 
530.625793457 
530.761535645 
530.901367188 
531.041625977 
531.175048828 
531.302246094 
531.423522949 
531.540893555 
531.657226562 
531.772827148 
531.885925293 
531.99432373 
532.097229004 
532.193725586 
532.284240723 
532.36895752 
532.448547363 
532.523132324 
532.593261719 
532.659423828 
532.721923828 
532.78112793 
532.837341309 
532.891845703 
532.944030762 
532.994445801 
533.043212891 
533.090454102 
533.136169434 
533.180541992 
533.223876953 
533.266052246 
533.307067871 
533.347045898 
533.385864258 
533.423706055 
533.460754395 
533.497009277 
533.532531738 
533.567382812 
533.60144043 
533.635009766 
533.668029785 
533.700622559 
533.732788086 
533.764587402 
533.796020508 
533.827575684 
533.859008789 
533.890319824 
533.921386719 
533.952209473 
533.982849121 
534.013244629 
534.043457031 
534.073303223 
534.102966309 
534.132324219 
534.161376953 
534.190185547 
534.218688965 
534.246826172 
534.274597168 
534.302062988 
534.329223633 
534.356018066 
534.382446289 
534.408630371 
534.434448242 
534.459960938 
534.485107422 
534.509887695 
534.534423828 
534.558776855 
534.582824707 
534.606628418 
534.630187988 
534.653442383 
534.676513672 
534.699401855 
534.722045898 
534.744445801 
534.766662598 
534.788635254 
534.810424805 
534.831970215 
534.853271484 
534.874450684 
534.895324707 
534.91607666 
534.936584473 
534.956848145 
534.976867676 
534.996704102 
535.016418457 
535.035888672 
535.055236816 
535.074462891 
535.093505859 
535.112365723 
535.131164551 
535.149780273 
535.168212891 
535.186584473 
535.204772949 
535.222839355 
535.240722656 
535.258544922 
535.276245117 
535.293762207 
535.311218262 
535.328491211 
535.34564209 
535.362609863 
535.379455566 
535.396179199 
535.412719727 
535.429138184 
535.44543457 
535.461547852 
535.477539062 
535.493347168 
535.508911133 
535.524230957 
535.539367676 
535.554321289 
535.569091797 
535.583679199 
535.598144531 
535.612426758 
535.626525879 
535.64050293 
535.654296875 
535.66796875 
535.68145752 
535.694824219 
535.708068848 
535.721191406 
535.734130859 
535.747009277 
535.75970459 
535.772277832 
535.784790039 
535.797119141 
535.809387207 
535.821533203 
535.833618164 
535.845581055 
535.857666016 
535.870056152 
535.883605957 
535.899963379 
535.922668457 
535.959777832 
536.025939941 
536.141662598 
536.33215332 
536.640136719 
537.112609863 
537.765930176 
538.589477539 
539.6796875 
541.231079102 
543.062927246 
544.826171875 
546.357543945 
547.618774414 
548.702453613 
549.699829102 
550.590942383 
551.572692871 
552.731323242 
553.822143555 
554.795898438 
555.647216797 
556.393676758 
557.054077148 
557.643127441 
558.172485352 
558.654907227 
559.096374512 
559.504272461 
559.886474609 
560.249023438 
560.593933105 
560.920837402 
561.232543945 
561.531738281 
561.816772461 
562.084594727 
562.334960938 
562.568664551 
562.785949707 
562.987243652 
563.173156738 
563.344177246 
563.501037598 
563.644714355 
563.776428223 
563.897460938 
564.008178711 
564.109191895 
564.20111084 
564.284484863 
564.359985352 
564.428283691 
564.489929199 
564.545532227 
564.59552002 
564.64050293 
564.680603027 
564.716125488 
564.747558594 
564.775146484 
564.799255371 
564.82019043 
564.838195801 
564.85357666 
564.866516113 
564.877319336 
564.886047363 
564.892883301 
564.898071289 
564.901672363 
564.903808594 
564.904602051 
564.904174805 
564.902648926 
564.899963379 
564.89630127 
564.891723633 
564.886230469 
564.879882812 
564.872741699 
564.864868164 
564.856201172 
564.846923828 
564.836914062 
564.82623291 
564.814880371 
564.80291748 
564.790405273 
564.77722168 
564.763427734 
564.749023438 
564.734069824 
564.718444824 
564.702270508 
564.68548584 
564.66809082 
564.650146484 
564.631530762 
564.612304688 
564.592468262 
564.572021484 
564.55090332 
564.529174805 
564.506835938 
564.483825684 
564.460144043 
564.435852051 
564.410949707 
564.385375977 
564.359130859 
564.332275391 
564.3046875 
564.276428223 
564.247375488 
564.217590332 
564.187011719 
564.155700684 
564.123657227 
564.090820312 
564.057250977 
564.022949219 
563.987915039 
563.952209473 
563.915893555 
563.878845215 
563.841064453 
563.802734375 
563.763671875 
563.723999023 
563.683654785 
563.642700195 
563.601135254 
563.559020996 
563.516235352 
563.472900391 
563.428955078 
563.384399414 
563.339294434 
563.293640137 
563.247436523 
563.200622559 
563.153320312 
563.10546875 
563.057067871 
563.008056641 
562.958374023 
562.90802002 
562.856994629 
562.805236816 
562.752868652 
562.699890137 
562.646240234 
562.592163086 
562.537658691 
562.482788086 
562.42767334 
562.372192383 
562.316467285 
562.260498047 
562.204284668 
562.147827148 
562.091125488 
562.034179688 
561.976989746 
561.919555664 
561.861938477 
561.804016113 
561.745910645 
561.6875 
561.628967285 
561.57019043 
561.511230469 
561.452087402 
561.39276123 
561.333251953 
561.273620605 
561.213806152 
561.153869629 
561.09375 
561.033508301 
560.973144531 
560.912597656 
560.851867676 
560.79107666 
560.730163574 
560.669128418 
560.608093262 
560.546936035 
560.485656738 
560.424316406 
560.362976074 
560.301513672 
560.24005127 
560.178527832 
560.117004395 
560.055480957 
559.993896484 
559.932373047 
559.870727539 
559.809143066 
559.747497559 
559.685852051 
559.624267578 
559.562683105 
559.501159668 
559.43963623 
559.378051758 
559.316589355 
559.255187988 
559.193847656 
559.132568359 
559.071350098 
559.010192871 
558.94909668 
558.888000488 
558.827087402 
558.766235352 
558.705627441 
558.645141602 
558.584655762 
558.524291992 
558.463989258 
558.403808594 
558.343688965 
558.283630371 
558.223632812 
558.163818359 
558.104125977 
558.044433594 
557.984863281 
557.925415039 
557.866027832 
557.806762695 
557.747680664 
557.688781738 
557.629943848 
557.571166992 
557.512451172 
557.453796387 
557.395202637 
557.336853027 
557.278564453 
557.220275879 
557.162109375 
557.103942871 
557.045898438 
556.987976074 
556.930175781 
556.872497559 
556.815002441 
556.757629395 
556.700378418 
556.643310547 
556.586364746 
556.529602051 
556.472900391 
556.416320801 
556.359985352 
556.303833008 
556.247924805 
556.192199707 
556.136657715 
556.081298828 
556.026062012 
555.971069336 
555.91619873 
555.861572266 
555.807067871 
555.752746582 
555.698608398 
555.644714355 
555.590942383 
555.537414551 
555.484069824 
555.430908203 
555.377990723 
555.325256348 
555.272766113 
555.220458984 
555.168395996 
555.116455078 
555.064819336 
555.013305664 
554.961975098 
554.910827637 
554.859802246 
554.809020996 
554.758361816 
554.707824707 
554.657470703 
554.60723877 
554.557250977 
554.507385254 
554.457702637 
554.408203125 
554.358825684 
554.309692383 
554.260681152 
554.211914062 
554.163330078 
554.114868164 
554.066589355 
554.018554688 
553.97064209 
553.922851562 
553.875244141 
553.827758789 
553.780273438 
553.732910156 
553.68560791 
553.63848877 
553.591430664 
553.544555664 
553.497802734 
553.45123291 
553.404785156 
553.358520508 
553.312316895 
553.266235352 
553.220336914 
553.174560547 
553.128967285 
553.083557129 
553.038269043 
552.992980957 
552.947875977 
552.902770996 
552.857788086 
552.812927246 
552.768127441 
552.723449707 
552.678894043 
552.634338379 
552.58996582 
552.545715332 
552.501586914 
552.457580566 
552.413635254 
552.369750977 
552.325866699 
552.281982422 
552.238220215 
552.194519043 
552.150939941 
552.107543945 
552.06427002 
552.021118164 
551.978149414 
551.935302734 
551.89263916 
551.849975586 
551.807434082 
551.765014648 
551.722717285 
551.680541992 
551.638427734 
551.596496582 
551.5546875 
551.513000488 
551.471435547 
551.429931641 
551.388549805 
551.347229004 
551.306030273 
551.264953613 
551.223937988 
551.183044434 
551.14239502 
551.101806641 
551.061340332 
551.020935059 
550.980651855 
550.940490723 
550.900512695 
550.860656738 
550.820861816 
550.781066895 
550.741394043 
550.701843262 
550.662353516 
550.623046875 
550.583862305 
550.54486084 
550.506103516 
550.467468262 
550.428955078 
550.390625 
550.352539062 
550.31463623 
550.276855469 
550.239257812 
550.201721191 
550.164367676 
550.127258301 
550.090332031 
550.053527832 
550.016906738 
549.98034668 
549.943969727 
549.907775879 
549.871704102 
549.835754395 
549.800048828 
549.764404297 
549.728881836 
549.693481445 
549.658203125 
549.623046875 
549.58795166 
549.553039551 
549.518188477 
549.483459473 
549.448791504 
549.414245605 
549.379699707 
549.345275879 
549.310913086 
549.276733398 
549.242797852 
549.20916748 
549.175720215 
549.14251709 
549.10949707 
549.076904297 
549.044494629 
549.012268066 
548.980163574 
548.948181152 
548.916320801 
548.88458252 
548.852966309 
548.821166992 
548.789428711 
548.7578125 
548.726257324 
548.694824219 
548.663452148 
548.632080078 
548.600708008 
548.569335938 
548.537963867 
548.506713867 
548.475463867 
548.444213867 
548.412963867 
548.381774902 
548.350585938 
548.319458008 
548.288391113 
548.257324219 
548.226257324 
548.19519043 
548.164123535 
548.133056641 
548.101989746 
